 1.3351383378705567e-01 8.8794206495769343e-02 8.2015093368910760e-02 1.8165748625154651e-01 1.0425112450105527e-01 3.6173444794287968e-02 4.9492555126451543e-03 3.0435104978386567e-03 3.2938809509564328e-02 5.2561960625344231e-05 1.8711985380756364e-02 2.1411033437802254e-01 1.0127324629298643e-03 1.7615333545790244e-04 5.4538754952028062e-02 1.7072147267204675e-04 1.8486655319324145e-02 4.9936385145276574e-03 6.2961593961220142e-05 1.8832914834779332e-02 1.7319499730100233e-04 9.1125160379254173e-03 1.6416873914555090e-02 1.0617019014729677e-01 1.9532899862858930e-02 8.3745197474355694e-04 6.3425458016220914e-03 1.8047845769168399e-03 4.1529603486506333e-02 4.3531952340687137e-02 2.8280854936639451e-05 4.4292534046534167e-02 1.6677866034358883e-04
 8.8794206495769343e-02 6.5445018167205854e-02 4.8055060413910583e-02 1.0299703578746269e-01 6.9671295651147006e-02 2.1211436602646631e-02 3.3017229222407313e-03 2.0040997646893891e-03 2.2507191938070138e-02 3.5021517507772952e-05 1.2269450042146824e-02 1.3944682964554156e-01 7.3331004407577486e-04 1.3045364894289025e-04 3.9755378380184066e-02 1.2790079496372049e-04 1.0334029126200404e-02 3.6078943268256312e-03 4.6186382233193930e-05 1.3537359906297111e-02 1.2714502398262424e-04 5.4404357216749849e-03 1.0154830905242896e-02 6.9451605151230222e-02 1.2522020152862275e-02 5.6241422366380147e-04 4.1251061791814673e-03 1.2186124583904862e-03 2.8174876157819717e-02 2.9647505794535144e-02 1.6609976032875578e-05 3.0245178611637329e-02 1.2614252892326655e-04
 8.2015093368910760e-02 4.8055060413910583e-02 1.8141684735958413e-01 4.1391912507819834e-01 5.9687361029510777e-02 8.1907071015541039e-02 3.5693138797963622e-03 3.3566602907588064e-03 2.2604404909313168e-02 5.4997475102669238e-05 1.8857125524614889e-02 2.2268832471993383e-01 4.9775775625449581e-04 7.4183105065812432e-05 2.2452117811249929e-02 6.8082878984783400e-05 4.2577018568839789e-02 2.7523365516675252e-03 3.8203559279512032e-05 1.0542174007835950e-02 8.3479214908148574e-05 1.2508692035740971e-02 2.2199494675515984e-02 1.1466218483430805e-01 1.9690087632032383e-02 6.9669677854093236e-04 6.3274327958464981e-03 1.4376918087403501e-03 2.8464874508410658e-02 2.9324680102974801e-02 5.0256655312457111e-05 2.8727850227958266e-02 5.6996796219216130e-05
 1.8165748625154651e-01 1.0299703578746269e-01 4.1391912507819834e-01 1.0098403318855584e+00 1.3093566011050911e-01 2.0450916063967009e-01 8.2614729380443182e-03 7.8567030879404965e-03 5.1142596146514938e-02 1.2676850639568580e-04 4.4553462437389633e-02 5.2284941902522475e-01 1.0352307254286584e-03 1.4866420422964064e-04 4.4640555537454225e-02 1.3713700606296703e-04 1.0631716450188693e-01 5.9056993926984444e-03 8.2097286849542149e-05 2.2723228284676551e-02 1.7385267107898419e-04 3.0491480610983519e-02 5.3464804288823109e-02 2.6847552752600229e-01 4.6068424051977717e-02 1.5792991171467421e-03 1.4931732323363776e-02 3.3767947291115791e-03 6.5239809783289096e-02 6.7247174328246659e-02 1.1710276350730177e-04 6.3459036225906165e-02 1.0938077857549407e-04
 1.0425112450105527e-01 6.9671295651147006e-02 5.9687361029510777e-02 1.3093566011050911e-01 8.6922649144676345e-02 2.5185747223751179e-02 3.9379773191516067e-03 2.3698038171724480e-03 2.6329723312697208e-02 4.0629984185794683e-05 1.4693361033339406e-02 1.6886039643262685e-01 8.2663002774568701e-04 1.4300605448886187e-04 4.4593357533988097e-02 1.4018725020877295e-04 1.3244283687626521e-02 3.9469722610619221e-03 4.9822821612782819e-05 1.4869696601585745e-02 1.3951143370975275e-04 6.9108096334715560e-03 1.2382403458212104e-02 8.3043046506938736e-02 1.5399759011571255e-02 6.5342235707541597e-04 4.9388629609554008e-03 1.4078140722505630e-03 3.3176677440615435e-02 3.5151571167577306e-02 1.9845913104656123e-05 3.3863501836857379e-02 1.3558154081200243e-04
 3.6173444794287968e-02 2.1211436602646631e-02 8.1907071015541039e-02 2.0450916063967009e-01 2.5185747223751179e-02 6.8028372072626561e-02 1.9214610030250441e-03 1.7353053245860964e-03 1.1361740497078280e-02 3.0322806214918093e-05 1.1198838712606707e-02 1.2169918558943264e-01 1.5098476447186575e-04 1.5621332808294302e-05 5.1886799971572195e-03 1.3402643319916721e-05 2.2197638887103271e-02 1.0126292878810908e-03 1.5611506582458101e-05 3.9682559008951505e-03 2.8793409142832712e-05 8.2719762764588301e-03 1.4936227653695028e-02 6.0430719272254137e-02 9.8223444407864128e-03 2.8652486298090773e-04 3.9421625454528157e-03 7.1768015188030407e-04 1.4570628303871732e-02 1.5520885196474075e-02 3.0415147565567048e-05 1.2901920838659854e-02 8.6471827243938843e-06
 4.9492555126451543e-03 3.3017229222407313e-03 3.5693138797963622e-03 8.2614729380443182e-03 3.9379773191516067e-03 1.9214610030250441e-03 2.8883484359926105e-04 1.3051271880451117e-04 1.7498843254007679e-03 2.6236322003881593e-06 9.9111985011432870e-04 9.4982797361033763e-03 3.6495168880401866e-05 6.0654894392362969e-06 1.8663770670368184e-03 5.9788518001175530e-06 8.6849920898436660e-04 1.7632591862604737e-04 2.3276163396545257e-06 6.6066313439304717e-04 6.1709389227284111e-06 4.9916641435211230e-04 8.8530840595892133e-04 4.6429820099479994e-03 9.6289804588457252e-04 3.7899142040414387e-05 3.3343989764948647e-04 9.5529620641923461e-05 2.2767573238443393e-03 2.3950820012340430e-03 1.2463632575412096e-06 1.6260569414146941e-03 5.5760245020589821e-06
 3.0435104978386567e-03 2.0040997646893891e-03 3.3566602907588064e-03 7.8567030879404965e-03 2.3698038171724480e-03 1.7353053245860964e-03 1.3051271880451117e-04 1.1950966646056132e-04 8.3865796520580984e-04 2.0389342092372797e-06 6.4495728260597501e-04 7.8981055182536716e-03 2.2978844542202759e-05 3.7737015196107346e-06 1.1623078225574655e-03 3.5697019958611916e-06 8.0729727222605258e-04 1.1690965265398712e-04 1.5450956566621970e-06 4.4112334658458983e-04 3.9307974664965295e-06 4.0890914716124602e-04 7.2082340345530128e-04 4.0643310666302517e-03 6.6871580924402277e-04 2.3796820329770825e-05 2.1942216506621004e-04 5.3036847875191489e-05 1.0598906410376752e-03 1.1478454243254422e-03 1.1569461243390765e-06 1.0326383070624029e-03 3.1840446091552762e-06
 3.2938809509564328e-02 2.2507191938070138e-02 2.2604404909313168e-02 5.1142596146514938e-02 2.6329723312697208e-02 1.1361740497078280e-02 1.7498843254007679e-03 8.3865796520580984e-04 1.2515444214284801e-02 1.7080316142778384e-05 6.1388856220068386e-03 5.9530598458041442e-02 2.4143633732485437e-04 4.2685157901317044e-05 1.3125417061237652e-02 4.1492244588530705e-05 5.2601702198560828e-03 1.2096241212719773e-03 1.5680347795567542e-05 4.5210698652973112e-03 4.2000792593605728e-05 2.9126840780107407e-03 5.3662166484393899e-03 2.9548709821200562e-02 6.0467031761004810e-03 2.5089726948926059e-04 2.0702267302569418e-03 6.4383307314951847e-04 1.5718138975237380e-02 1.5195334485240521e-02 7.4339451215423118e-06 1.0865230690885366e-02 4.0001158964939863e-05
 5.2561960625344231e-05 3.5021517507772952e-05 5.4997475102669238e-05 1.2676850639568580e-04 4.0629984185794683e-05 3.0322806214918093e-05 2.6236322003881593e-06 2.0389342092372797e-06 1.7080316142778384e-05 5.8795552014993292e-08 1.5028185977124249e-05 1.4521827080787853e-04 3.5244558845411569e-07 5.8678835618872846e-08 1.8123977489636281e-05 5.4431877819748412e-08 1.2490826920119539e-05 1.7647790107325360e-06 2.4162984930614751e-08 6.6123992344265293e-06 6.5787632579318902e-08 1.0034795037819888e-05 1.8136908828295417e-05 7.3205358349136268e-05 1.4634199921116751e-05 4.3772280589092184e-07 5.1894598420046060e-06 1.1444696776323084e-06 2.1717943205973156e-05 2.5193791963529334e-05 2.4806657057034178e-08 1.7040936829906910e-05 4.9769188403448318e-08
 1.8711985380756364e-02 1.2269450042146824e-02 1.8857125524614889e-02 4.4553462437389633e-02 1.4693361033339406e-02 1.1198838712606707e-02 9.9111985011432870e-04 6.4495728260597501e-04 6.1388856220068386e-03 1.5028185977124249e-05 6.5545914205428664e-03 4.8203265533859570e-02 1.2030678210053898e-04 1.8933629104990144e-05 6.0486439160009437e-03 1.6102223595880817e-05 4.6400660288734843e-03 6.3693266336942633e-04 8.8861684896878315e-06 2.3907069684893905e-03 2.3068209689823007e-05 3.2363176435747003e-03 5.7410197098919846e-03 2.3167263901471044e-02 5.7425136075912823e-03 1.5440288717941681e-04 2.1515790398161897e-03 4.1886354707686569e-04 7.9190083151448824e-03 9.1003942733243019e-03 7.3664842602618846e-06 6.1377601037609295e-03 1.4737645580724150e-05
 2.1411033437802254e-01 1.3944682964554156e-01 2.2268832471993383e-01 5.2284941902522475e-01 1.6886039643262685e-01 1.2169918558943264e-01 9.4982797361033763e-03 7.8981055182536716e-03 5.9530598458041442e-02 1.4521827080787853e-04 4.8203265533859570e-02 5.8233108549946988e-01 1.5397702294055948e-03 2.5348466985569029e-04 8.0377004911495714e-02 2.4052149821045466e-04 5.3870461836396773e-02 7.7399873882448749e-03 1.0268854356650301e-04 2.9467450836798303e-02 2.6561283840205089e-04 2.9801088910372000e-02 5.3102686153743417e-02 2.8162708326764674e-01 4.8549455409873689e-02 1.5755613675921716e-03 1.6663999662386891e-02 3.7104977381399863e-03 7.6113925085643686e-02 8.4102565015715253e-02 8.1979537001699532e-05 7.1695765223417793e-02 2.1980140131900737e-04
 1.0127324629298643e-03 7.3331004407577486e-04 4.9775775625449581e-04 1.0352307254286584e-03 8.2663002774568701e-04 1.5098476447186575e-04 3.6495168880401866e-05 2.2978844542202759e-05 2.4143633732485437e-04 3.5244558845411569e-07 1.2030678210053898e-04 1.5397702294055948e-03 1.2489552011485179e-05 2.0866481364977875e-06 5.8096574901142777e-04 2.0843003560124456e-06 9.9236006537478902e-05 5.2555963769332902e-05 6.3853521921438210e-07 1.9782074883198961e-04 1.9105399012517873e-06 5.0643316226872029e-05 8.7851817410059557e-05 7.8135480664005147e-04 1.2876143278588715e-04 6.4162165701472112e-06 3.9208791203150978e-05 1.3695903250954236e-05 3.0735879333728305e-04 3.3738507936445934e-04 1.2510179732010051e-07 3.4417305912909851e-04 1.9610989994356507e-06
 1.7615333545790244e-04 1.3045364894289025e-04 7.4183105065812432e-05 1.4866420422964064e-04 1.4300605448886187e-04 1.5621332808294302e-05 6.0654894392362969e-06 3.7737015196107346e-06 4.2685157901317044e-05 5.8678835618872846e-08 1.8933629104990144e-05 2.5348466985569029e-04 2.0866481364977875e-06 4.2456358977980292e-07 1.1287952059119481e-04 4.0953826579562859e-07 1.3968581716196105e-05 9.1802489153767783e-06 1.0726213579000678e-07 3.4662633933122523e-05 3.4167275215075894e-07 6.0155584075428304e-06 1.1574506428727822e-05 1.2924531967866424e-04 2.2054779357246615e-05 1.0726067923205382e-06 6.3485677769535385e-06 2.3146210838350578e-06 5.3249834861194700e-05 5.7457216732872042e-05 1.1381162497578374e-08 6.0712142099045568e-05 3.9998589406681375e-07
 5.4538754952028062e-02 3.9755378380184066e-02 2.2452117811249929e-02 4.4640555537454225e-02 4.4593357533988097e-02 5.1886799971572195e-03 1.8663770670368184e-03 1.1623078225574655e-03 1.3125417061237652e-02 1.8123977489636281e-05 6.0486439160009437e-03 8.0377004911495714e-02 5.8096574901142777e-04 1.1287952059119481e-04 3.5197345704043315e-02 1.1085975907288601e-04 4.2311413987130737e-03 2.5690904471551853e-03 3.0748491158095590e-05 9.7130711584284650e-03 9.6222272320099062e-05 1.7933809870390935e-03 3.4657370104943740e-03 4.0227746767493737e-02 7.1273247172563281e-03 3.2457914559695243e-04 2.0624936903766147e-03 7.0864444617688041e-04 1.6530172555086355e-02 1.7430372006933845e-02 3.7664219744962621e-06 1.8726287585318472e-02 1.1407162650722461e-04
 1.7072147267204675e-04 1.2790079496372049e-04 6.8082878984783400e-05 1.3713700606296703e-04 1.4018725020877295e-04 1.3402643319916721e-05 5.9788518001175530e-06 3.5697019958611916e-06 4.1492244588530705e-05 5.4431877819748412e-08 1.6102223595880817e-05 2.4052149821045466e-04 2.0843003560124456e-06 4.0953826579562859e-07 1.1085975907288601e-04 4.8322128109042976e-07 1.2804474547661849e-05 8.8413162567214324e-06 1.0433819638308003e-07 3.3455328994464149e-05 3.2589402882270702e-07 4.1030138015788021e-06 8.4152163404810418e-06 1.2190291964302199e-04 2.0011285492431255e-05 1.0574651361548238e-06 5.6431376669588128e-06 2.2100000085072059e-06 5.2339525574935442e-05 5.5478923676150418e-05 1.1872970502634721e-08 5.8873275709084927e-05 4.5492580787328810e-07
 1.8486655319324145e-02 1.0334029126200404e-02 4.2577018568839789e-02 1.0631716450188693e-01 1.3244283687626521e-02 2.2197638887103271e-02 8.6849920898436660e-04 8.0729727222605258e-04 5.2601702198560828e-03 1.2490826920119539e-05 4.6400660288734843e-03 5.3870461836396773e-02 9.9236006537478902e-05 1.3968581716196105e-05 4.2311413987130737e-03 1.2804474547661849e-05 1.1561446116529372e-02 5.7944123271792727e-04 8.2352309951744145e-06 2.2359622488934234e-03 1.6909233507934556e-05 3.1192207806959920e-03 5.4062944189453132e-03 2.7577310693940860e-02 4.7479500988027749e-03 1.6145880484301467e-04 1.5450491904381307e-03 3.5034529897922577e-04 6.7517576147516807e-03 7.0005937014648040e-03 1.2513212286603727e-05 6.4653468133123700e-03 9.9926709765770935e-06
 4.9936385145276574e-03 3.6078943268256312e-03 2.7523365516675252e-03 5.9056993926984444e-03 3.9469722610619221e-03 1.0126292878810908e-03 1.7632591862604737e-04 1.1690965265398712e-04 1.2096241212719773e-03 1.7647790107325360e-06 6.3693266336942633e-04 7.7399873882448749e-03 5.2555963769332902e-05 9.1802489153767783e-06 2.5690904471551853e-03 8.8413162567214324e-06 5.7944123271792727e-04 2.7602886042127269e-04 3.2557214628189692e-06 1.0359478195012630e-03 8.7657920362354103e-06 2.5757608646170713e-04 4.6146828408442090e-04 3.9583663380932093e-03 6.7313268194940992e-04 3.1599490188718460e-05 2.0900322152867017e-04 6.8026233855101979e-05 1.5100929814639437e-03 1.6056544433295135e-03 6.3436848471025051e-07 1.7330529133656146e-03 8.3359152645074206e-06
 6.2961593961220142e-05 4.6186382233193930e-05 3.8203559279512032e-05 8.2097286849542149e-05 4.9822821612782819e-05 1.5611506582458101e-05 2.3276163396545257e-06 1.5450956566621970e-06 1.5680347795567542e-05 2.4162984930614751e-08 8.8861684896878315e-06 1.0268854356650301e-04 6.3853521921438210e-07 1.0726213579000678e-07 3.0748491158095590e-05 1.0433819638308003e-07 8.2352309951744145e-06 3.2557214628189692e-06 4.6412762380204387e-08 1.2066962357035540e-05 1.0736500956834638e-07 3.5400521673896610e-06 6.5849973023408107e-06 5.2181660795638111e-05 8.8238216680864977e-06 4.0420733158477370e-07 2.9283296573103273e-06 9.5725214989611754e-07 1.9637638261673757e-05 2.1079940081923713e-05 1.1349171971333621e-08 2.1838664761469270e-05 9.5348733789410010e-08
 1.8832914834779332e-02 1.3537359906297111e-02 1.0542174007835950e-02 2.2723228284676551e-02 1.4869696601585745e-02 3.9682559008951505e-03 6.6066313439304717e-04 4.4112334658458983e-04 4.5210698652973112e-03 6.6123992344265293e-06 2.3907069684893905e-03 2.9467450836798303e-02 1.9782074883198961e-04 3.4662633933122523e-05 9.7130711584284650e-03 3.3455328994464149e-05 2.2359622488934234e-03 1.0359478195012630e-03 1.2066962357035540e-05 3.9160024174806213e-03 3.2960424142350524e-05 9.7364510687597452e-04 1.7489831961500905e-03 1.4987376587507362e-02 2.5455173768323836e-03 1.1769543816853343e-04 7.8881774205666224e-04 2.5158010356645364e-04 5.6557629364731472e-03 5.9999461050161979e-03 2.4005154835740140e-06 6.5445506154483916e-03 3.1647932286433698e-05
 1.7319499730100233e-04 1.2714502398262424e-04 8.3479214908148574e-05 1.7385267107898419e-04 1.3951143370975275e-04 2.8793409142832712e-05 6.1709389227284111e-06 3.9307974664965295e-06 4.2000792593605728e-05 6.5787632579318902e-08 2.3068209689823007e-05 2.6561283840205089e-04 1.9105399012517873e-06 3.4167275215075894e-07 9.6222272320099062e-05 3.2589402882270702e-07 1.6909233507934556e-05 8.7657920362354103e-06 1.0736500956834638e-07 3.2960424142350524e-05 3.3141109061944166e-07 8.9272175413319529e-06 1.6159404610247385e-05 1.3462060571810912e-04 2.3815913739117883e-05 1.0871266245333937e-06 7.5568895401323669e-06 2.4335139803474385e-06 5.3011519497503423e-05 5.8459868888489713e-05 2.3173842557707723e-08 5.8885011278320403e-05 3.1560017363720159e-07
 9.1125160379254173e-03 5.4404357216749849e-03 1.2508692035740971e-02 3.0491480610983519e-02 6.9108096334715560e-03 8.2719762764588301e-03 4.9916641435211230e-04 4.0890914716124602e-04 2.9126840780107407e-03 1.0034795037819888e-05 3.2363176435747003e-03 2.9801088910372000e-02 5.0643316226872029e-05 6.0155584075428304e-06 1.7933809870390935e-03 4.1030138015788021e-06 3.1192207806959920e-03 2.5757608646170713e-04 3.5400521673896610e-06 9.7364510687597452e-04 8.9272175413319529e-06 3.4058260676132252e-03 5.6777659434924842e-03 1.4562865099916446e-02 2.8199822525962637e-03 8.9150697068716305e-05 1.0972712262769110e-03 2.1109383554348288e-04 3.8887590687052241e-03 4.6204663322313303e-03 6.1482207420543024e-06 2.9007008887519401e-03 2.5165774272705865e-06
 1.6416873914555090e-02 1.0154830905242896e-02 2.2199494675515984e-02 5.3464804288823109e-02 1.2382403458212104e-02 1.4936227653695028e-02 8.8530840595892133e-04 7.2082340345530128e-04 5.3662166484393899e-03 1.8136908828295417e-05 5.7410197098919846e-03 5.3102686153743417e-02 8.7851817410059557e-05 1.1574506428727822e-05 3.4657370104943740e-03 8.4152163404810418e-06 5.4062944189453132e-03 4.6146828408442090e-04 6.5849973023408107e-06 1.7489831961500905e-03 1.6159404610247385e-05 5.6777659434924842e-03 1.0135219987757540e-02 2.5907533404346157e-02 4.9984509057531407e-03 1.5736148575099394e-04 1.9750506475016073e-03 3.7968647433822366e-04 7.0794860575635402e-03 8.2283331500947240e-03 1.1121393199926102e-05 5.2730330268089213e-03 5.8012033548279871e-06
 1.0617019014729677e-01 6.9451605151230222e-02 1.1466218483430805e-01 2.6847552752600229e-01 8.3043046506938736e-02 6.0430719272254137e-02 4.6429820099479994e-03 4.0643310666302517e-03 2.9548709821200562e-02 7.3205358349136268e-05 2.3167263901471044e-02 2.8162708326764674e-01 7.8135480664005147e-04 1.2924531967866424e-04 4.0227746767493737e-02 1.2190291964302199e-04 2.7577310693940860e-02 3.9583663380932093e-03 5.2181660795638111e-05 1.4987376587507362e-02 1.3462060571810912e-04 1.4562865099916446e-02 2.5907533404346157e-02 1.4251400992968402e-01 2.3950317489267372e-02 8.1113400674318406e-04 7.9482490017191501e-03 1.8385903638559523e-03 3.7438230344320977e-02 4.0963175558473557e-02 4.0549892610021854e-05 3.5781068092668608e-02 1.0942781045739863e-04
 1.9532899862858930e-02 1.2522020152862275e-02 1.9690087632032383e-02 4.6068424051977717e-02 1.5399759011571255e-02 9.8223444407864128e-03 9.6289804588457252e-04 6.6871580924402277e-04 6.0467031761004810e-03 1.4634199921116751e-05 5.7425136075912823e-03 4.8549455409873689e-02 1.2876143278588715e-04 2.2054779357246615e-05 7.1273247172563281e-03 2.0011285492431255e-05 4.7479500988027749e-03 6.7313268194940992e-04 8.8238216680864977e-06 2.5455173768323836e-03 2.3815913739117883e-05 2.8199822525962637e-03 4.9984509057531407e-03 2.3950317489267372e-02 6.2442264329052267e-03 1.5980151134773786e-04 1.9818310788374269e-03 3.9583855312786754e-04 7.7735893724747178e-03 8.7738259638296106e-03 6.2143946681753772e-06 6.5133494355391567e-03 1.8568561041315909e-05
 8.3745197474355694e-04 5.6241422366380147e-04 6.9669677854093236e-04 1.5792991171467421e-03 6.5342235707541597e-04 2.8652486298090773e-04 3.7899142040414387e-05 2.3796820329770825e-05 2.5089726948926059e-04 4.3772280589092184e-07 1.5440288717941681e-04 1.5755613675921716e-03 6.4162165701472112e-06 1.0726067923205382e-06 3.2457914559695243e-04 1.0574651361548238e-06 1.6145880484301467e-04 3.1599490188718460e-05 4.0420733158477370e-07 1.1769543816853343e-04 1.0871266245333937e-06 8.9150697068716305e-05 1.5736148575099394e-04 8.1113400674318406e-04 1.5980151134773786e-04 8.3986845802413935e-06 4.9880277463432577e-05 1.6067773393046877e-05 3.2289866848348239e-04 3.3264715561765026e-04 2.3943842164759827e-07 2.7653329247806903e-04 9.6222603185756512e-07
 6.3425458016220914e-03 4.1251061791814673e-03 6.3274327958464981e-03 1.4931732323363776e-02 4.9388629609554008e-03 3.9421625454528157e-03 3.3343989764948647e-04 2.1942216506621004e-04 2.0702267302569418e-03 5.1894598420046060e-06 2.1515790398161897e-03 1.6663999662386891e-02 3.9208791203150978e-05 6.3485677769535385e-06 2.0624936903766147e-03 5.6431376669588128e-06 1.5450491904381307e-03 2.0900322152867017e-04 2.9283296573103273e-06 7.8881774205666224e-04 7.5568895401323669e-06 1.0972712262769110e-03 1.9750506475016073e-03 7.9482490017191501e-03 1.9818310788374269e-03 4.9880277463432577e-05 7.8452003627056460e-04 1.3891903464975769e-04 2.6604760221367999e-03 3.0408135957786958e-03 2.4625958038219862e-06 2.0970944350288236e-03 5.3419972849414997e-06
 1.8047845769168399e-03 1.2186124583904862e-03 1.4376918087403501e-03 3.3767947291115791e-03 1.4078140722505630e-03 7.1768015188030407e-04 9.5529620641923461e-05 5.3036847875191489e-05 6.4383307314951847e-04 1.1444696776323084e-06 4.1886354707686569e-04 3.7104977381399863e-03 1.3695903250954236e-05 2.3146210838350578e-06 7.0864444617688041e-04 2.2100000085072059e-06 3.5034529897922577e-04 6.8026233855101979e-05 9.5725214989611754e-07 2.5158010356645364e-04 2.4335139803474385e-06 2.1109383554348288e-04 3.7968647433822366e-04 1.8385903638559523e-03 3.9583855312786754e-04 1.6067773393046877e-05 1.3891903464975769e-04 5.0544664706714871e-05 8.2136098239711996e-04 8.6196563302090557e-04 5.7037521545484987e-07 5.9117500502507410e-04 2.0365417355212109e-06
 4.1529603486506333e-02 2.8174876157819717e-02 2.8464874508410658e-02 6.5239809783289096e-02 3.3176677440615435e-02 1.4570628303871732e-02 2.2767573238443393e-03 1.0598906410376752e-03 1.5718138975237380e-02 2.1717943205973156e-05 7.9190083151448824e-03 7.6113925085643686e-02 3.0735879333728305e-04 5.3249834861194700e-05 1.6530172555086355e-02 5.2339525574935442e-05 6.7517576147516807e-03 1.5100929814639437e-03 1.9637638261673757e-05 5.6557629364731472e-03 5.3011519497503423e-05 3.8887590687052241e-03 7.0794860575635402e-03 3.7438230344320977e-02 7.7735893724747178e-03 3.2289866848348239e-04 2.6604760221367999e-03 8.2136098239711996e-04 2.0299310177249924e-02 1.9757071396387934e-02 9.6580176408408836e-06 1.3636861305436393e-02 5.0372932795061676e-05
 4.3531952340687137e-02 2.9647505794535144e-02 2.9324680102974801e-02 6.7247174328246659e-02 3.5151571167577306e-02 1.5520885196474075e-02 2.3950820012340430e-03 1.1478454243254422e-03 1.5195334485240521e-02 2.5193791963529334e-05 9.1003942733243019e-03 8.4102565015715253e-02 3.3738507936445934e-04 5.7457216732872042e-05 1.7430372006933845e-02 5.5478923676150418e-05 7.0005937014648040e-03 1.6056544433295135e-03 2.1079940081923713e-05 5.9999461050161979e-03 5.8459868888489713e-05 4.6204663322313303e-03 8.2283331500947240e-03 4.0963175558473557e-02 8.7738259638296106e-03 3.3264715561765026e-04 3.0408135957786958e-03 8.6196563302090557e-04 1.9757071396387934e-02 2.3318016357161984e-02 1.1012027266274005e-05 1.4158561270510231e-02 5.1558078180199690e-05
 2.8280854936639451e-05 1.6609976032875578e-05 5.0256655312457111e-05 1.1710276350730177e-04 1.9845913104656123e-05 3.0415147565567048e-05 1.2463632575412096e-06 1.1569461243390765e-06 7.4339451215423118e-06 2.4806657057034178e-08 7.3664842602618846e-06 8.1979537001699532e-05 1.2510179732010051e-07 1.1381162497578374e-08 3.7664219744962621e-06 1.1872970502634721e-08 1.2513212286603727e-05 6.3436848471025051e-07 1.1349171971333621e-08 2.4005154835740140e-06 2.3173842557707723e-08 6.1482207420543024e-06 1.1121393199926102e-05 4.0549892610021854e-05 6.2143946681753772e-06 2.3943842164759827e-07 2.4625958038219862e-06 5.7037521545484987e-07 9.6580176408408836e-06 1.1012027266274005e-05 4.3470259681593627e-08 9.1549785955209075e-06 4.3072296241468833e-09
 4.4292534046534167e-02 3.0245178611637329e-02 2.8727850227958266e-02 6.3459036225906165e-02 3.3863501836857379e-02 1.2901920838659854e-02 1.6260569414146941e-03 1.0326383070624029e-03 1.0865230690885366e-02 1.7040936829906910e-05 6.1377601037609295e-03 7.1695765223417793e-02 3.4417305912909851e-04 6.0712142099045568e-05 1.8726287585318472e-02 5.8873275709084927e-05 6.4653468133123700e-03 1.7330529133656146e-03 2.1838664761469270e-05 6.5445506154483916e-03 5.8885011278320403e-05 2.9007008887519401e-03 5.2730330268089213e-03 3.5781068092668608e-02 6.5133494355391567e-03 2.7653329247806903e-04 2.0970944350288236e-03 5.9117500502507410e-04 1.3636861305436393e-02 1.4158561270510231e-02 9.1549785955209075e-06 1.5579565976245463e-02 5.8315281717489499e-05
 1.6677866034358883e-04 1.2614252892326655e-04 5.6996796219216130e-05 1.0938077857549407e-04 1.3558154081200243e-04 8.6471827243938843e-06 5.5760245020589821e-06 3.1840446091552762e-06 4.0001158964939863e-05 4.9769188403448318e-08 1.4737645580724150e-05 2.1980140131900737e-04 1.9610989994356507e-06 3.9998589406681375e-07 1.1407162650722461e-04 4.5492580787328810e-07 9.9926709765770935e-06 8.3359152645074206e-06 9.5348733789410010e-08 3.1647932286433698e-05 3.1560017363720159e-07 2.5165774272705865e-06 5.8012033548279871e-06 1.0942781045739863e-04 1.8568561041315909e-05 9.6222603185756512e-07 5.3419972849414997e-06 2.0365417355212109e-06 5.0372932795061676e-05 5.1558078180199690e-05 4.3072296241468833e-09 5.8315281717489499e-05 4.8800020498360253e-07
